0.264820
0.168618
0.640793
0.777392
0.242263
0.471024
0.455088
0.181645
0.034027
0.017572
0.650048
0.761696
0.251664
0.629851
0.719063
0.712321
0.426606
0.823190
0.326975
0.548479
0.026797
0.036086
0.381476
0.914047
0.366904
0.535640
0.863951
0.758360
0.406454
0.346652
0.226406
0.205087
0.537557
0.468067
0.474128
0.101314
0.340351
0.747579
0.074272
0.586010
0.334405
0.280191
0.149850
0.332388
0.764307
0.213734
0.911115
0.952114
0.444124
0.523317
0.356100
0.336140
0.755523
0.246627
0.305246
0.139376
0.371660
0.275467
0.143537
0.578631
0.099209
0.682010
0.350338
0.034001
0.017729
0.744567
0.752784
0.051925
0.623405
0.443878
0.194249
0.068708
0.027820
0.047532
0.471309
0.622626
0.356712
0.844106
0.490391
0.702923
0.310520
0.814069
0.608997
0.440671
0.489545
0.605486
0.023042
0.177151
0.034523
0.135989
0.330094
0.398604
0.626994
0.887358
0.590281
0.638826
0.245782
0.244369
0.194526
0.138388
0.455727
0.703138
0.290269
0.047230
0.848432
0.048643
0.318337
0.355281
0.818337
0.507692
0.467301
0.242632
0.853650
0.609469
0.149636
0.285535
0.194599
0.551016
0.132515
0.931303
0.236851
0.126550
0.725433
0.894868
0.289982
0.531168
0.389366
0.039524
0.238850
0.040327
0.863071
0.404527
0.666723
0.333755
0.411614
0.048953
0.033952
0.563533
0.655568
0.907390
0.638472
0.640167
0.484622
0.180821
0.026003
0.078039
0.281497
0.307256
0.464638
0.048634
0.733594
0.127387
0.169945
0.162465
0.372182
0.041645
0.282862
0.016065
0.164373
0.036541
0.449827
0.487214
0.646955
0.073837
0.707495
0.207725
0.283278
0.125881
0.975055
0.042690
0.407106
0.390944
0.741990
0.452955
0.309560
0.458492
0.049486
0.399260
0.334550
0.928611
0.363363
0.792663
0.188969
0.065872
0.052755
0.658298
0.544539
0.042494
0.406313
0.043633
0.614217
0.460869
0.648207
0.430860
0.142866
0.770758
0.055031
0.144924
0.849652
0.279836
0.579066
0.466686
0.169373
0.199602
0.710498
0.494470
0.212528
0.708391
0.271640
0.564431
0.261591
0.127900
0.483973
0.695512
0.509051
0.245741
0.752769
0.573899
0.464355
0.804983
0.800683
0.325398
0.056736
0.259382
0.708193
0.683389
0.661472
0.282194
0.181190
0.047425
0.320739
0.366356
0.460411
0.061658
0.312866
0.761877
0.186152
0.732907
0.756124
0.298280
0.144125
0.283735
0.757391
0.415255
0.144008
0.278694
0.271582
0.421887
0.601724
0.337045
0.182678
0.276289
0.673328
0.029045
0.120031
0.377550
0.112865
0.227661
0.691360
0.796174
0.055246
0.136244
0.281451
0.300431
0.925204
0.058157
0.880897
0.333191
0.963953
0.364885
0.300041
0.702322
0.396831
0.040768
0.718640
0.126037
0.699080
0.500669
0.037759
0.054712
0.630990
0.134206
0.489873
0.367512
0.134029
0.462404
0.368374
0.712798
0.134508
0.054866
0.837160
0.891214
0.051018
0.944597
0.179201
0.647754
0.042786
0.083772
0.959470
0.527042
0.919709
0.730645
0.658977
0.843480
0.767713
0.414574
0.926828
0.056227
0.614192
0.985041
0.564143
0.681684
0.331432
0.739648
0.383345
0.383234
0.423437
0.871845
0.457698
0.252223
0.692980
0.109730
0.246851
0.061048
0.631115
0.060496
0.649707
0.732395
0.059769
0.848324
0.307396
0.408916
0.807712
0.301053
0.034938
0.864525
0.930955
0.039637
0.351934
0.044259
0.252966
0.821599
0.255036
0.339451
0.041968
0.049143
0.040849
0.040343
0.575097
0.767167
0.681550
0.559169
0.274078
0.612519
0.844344
0.592082
0.303005
0.316047
0.496789
0.447739
0.886942
0.061640
0.878726
0.935028
0.480783
0.438651
0.622411
0.057730
0.449236
0.602953
0.075239
0.788892
0.857067
0.227542
0.818727
0.176417
0.672855
0.458809
0.500628
0.828820
0.247668
0.343141
0.628027
0.168774
0.034240
0.369886
0.646871
0.629885
0.566527
0.683663
0.670458
0.455531
0.954931
0.477780
0.269693
0.466360
0.352856
0.871759
0.884438
0.698446
0.749390
0.889287
0.300574
0.972278
0.117236
0.377726
0.377756
0.782150
0.202333
0.131560
0.378569
0.296225
0.030132
0.276370
0.811898
0.723216
0.342222
0.884310
0.300622
0.438278
0.181189
0.701205
0.061620
0.316426
0.202910
0.980771
0.143505
0.058681
0.495820
0.868970
0.735273
0.060703
0.134111
0.060343
0.393233
0.730502
0.076548
0.244041
0.686874
0.709418
0.005317
0.742464
0.780694
0.910559
0.275115
0.528023
0.334299
0.184701
0.053609
0.432487
0.487526
0.440653
0.415687
0.178987
0.494252
0.177933
0.626858
0.887439
0.517179
0.087538
0.497677
0.663951
0.508573
0.489167
0.303716
0.182044
0.314281
0.397009
0.486600
0.448076
0.033557
0.984450
0.047007
0.445009
0.592304
0.272732
0.181799
0.367884
0.919551
0.559306
0.717067
0.795371
0.815969
0.473758
0.299586
0.169519
0.789559
0.715958
0.940934
0.048367
0.405765
0.625555
0.535711
0.486410
0.033258
0.035455
0.917441
0.870046
0.989115
0.719633
0.344639
0.145946
0.899436
0.681126
0.134802
0.488518
0.176260
0.008849
0.156169
0.251463
0.983862
0.664188
0.927050
0.128644
0.504281
0.627529
0.892584
0.293598
0.548848
0.174284
0.729735
0.208344
0.500253
0.043657
0.350722
0.800182
0.267932
0.685496
0.052514
0.412397
0.751277
0.135401
0.599749
0.333924
0.448334
0.582184
0.039347
0.181940
0.508417
0.845619
0.040363
0.095029
0.653802
0.405832
0.003537
0.528827
0.502288
0.129460
0.203918
0.299244
0.476236
0.370706
0.138439
0.385394
0.490324
0.190532
0.891046
0.150689
0.136310
0.438664
0.909134
0.508210
0.813257
0.872632
0.050532
0.318009
0.725898
0.688272
0.669178
0.306468
0.362768
0.598781
0.608641
0.163470
0.965699
0.990979
0.020875
0.574373
0.920571
0.686559
0.446968
0.315478
0.509346
0.480751
0.185125
0.414801
0.710111
0.362104
0.267278
0.496747
0.537887
0.761373
0.417873
0.238246
0.012039
0.061725
0.988995
0.150229
0.023170
0.053566
0.133646
0.281434
0.974517
0.287460
0.128896
0.952485
0.409353
0.612703
0.234470
0.336571
0.346984
0.049057
0.865631
0.089415
0.189633
0.605200
0.315473
0.927991
0.031432
0.308441
0.525959
0.934423
0.253270
0.948734
0.510210
0.453438
0.529565
0.640556
0.596089
0.689568
0.816370
0.198778
0.424358
0.425813
0.038782
0.500006
0.901767
0.260449
0.959595
0.749045
0.640684
0.183453
0.332262
0.617542
0.003338
0.692066
0.576819
0.977392
0.975482
0.359282
0.951446
0.844593
0.376910
0.028809
0.208118
0.628311
0.429979
0.130241
0.767306
0.439611
0.294363
0.312916
0.389110
0.781178
0.554665
0.348265
0.183166
0.493242
0.890318
0.957021
0.301212
0.219106
0.834428
0.032468
0.195114
0.204954
0.347170
0.356519
0.784127
0.852229
0.663271
0.129133
0.413378
0.828942
0.244283
0.183385
0.299713
0.933854
0.851235
0.791651
0.246190
0.019190
0.939508
0.385917
0.190969
0.284760
0.286118
0.474486
0.602855
0.138096
0.899586
0.247061
0.481841
0.407459
0.812398
0.142949
0.424371
0.489188
0.207835
0.524265
0.954145
0.479638
0.595451
0.415457
0.073365
0.165271
0.176994
0.010665
0.691381
0.031486
0.394454
0.072607
0.521022
0.042484
0.865510
0.859792
0.131517
0.607441
0.459382
0.647517
0.530021
0.423234
0.548911
0.892036
0.693650
0.061410
0.859336
0.479742
0.255361
0.141523
0.362461
0.603583
0.342761
0.731535
0.811700
0.584481
0.358249
0.726983
0.042323
0.886689
0.551829
0.056948
0.121367
0.177735
0.169460
0.560985
0.223010
0.470721
0.605292
0.867922
0.580382
0.691820
0.772978
0.002120
0.771547
0.160199
0.127330
0.149516
0.275977
0.399453
0.995111
0.366224
0.249067
0.015221
0.082074
0.286275
0.641301
0.060973
0.980761
0.037278
0.938500
0.078671
0.410817
0.831466
0.274672
0.187718
0.452162
0.150109
0.296950
0.053099
0.332578
0.684682
0.032984
0.549630
0.340213
0.473524
0.399524
0.725633
0.279013
0.000292
0.366134
0.634226
0.200859
0.945908
0.676806
0.561196
0.673970
0.884811
0.806348
0.928833
0.840406
0.387537
0.139616
0.312496
0.014428
0.772125
0.989120
0.232456
0.570041
0.015518
0.055441
0.137870
0.618111
0.785189
0.728719
0.026621
0.268144
0.620013
0.543832
0.784234
0.232999
0.887846
0.420221
0.156543
0.697331
0.553365
0.057425
0.449149
0.341743
0.633449
0.900253
0.015328
0.815011
0.053933
0.313035
0.906879
0.649498
0.438567
0.589179
0.551015
0.074601
0.346739
0.434384
0.138064
0.184957
0.679021
0.488972
0.374918
0.861041
0.945851
0.315799
0.772191
0.429838
0.341892
0.169223
0.999920
0.651943
0.258065
0.807946
0.661099
0.420060
0.135821
0.732434
0.010926
0.202228
0.294374
0.297080
0.162783
0.054196
0.056058
0.138542
0.755735
0.859877
0.628801
0.611454
0.215274
0.737422
0.826485
0.003510
0.454700
0.872386
0.407369
0.425994
0.461440
0.465849
0.480201
0.022379
0.585907
0.041575
0.055704
0.967981
0.596765
0.405904
0.141481
0.303325
0.967830
0.075155
0.329746
0.946451
0.567709
0.526128
0.460482
0.580097
0.046581
0.913351
0.072717
0.043838
0.710481
0.814970
0.126327
0.193439
0.702708
0.243077
0.023243
0.453214
0.282080
0.201606
0.433272
0.387759
0.370928
0.562032
0.290784
0.053188
0.626050
0.985534
0.232673
0.058139
0.770654
0.485896
0.675375
0.054553
0.010614
0.318359
0.465616
0.749633
0.042440
0.223240
0.741174
0.154044
0.214680
0.051800
0.773926
0.057983
0.046026
0.014674
0.843744
0.788529
0.846001
0.930690
0.545939
0.642065
0.317521
0.042330
0.374184
0.037004
0.131004
0.060062
0.908864
0.043009
0.928714
0.485428
0.292967
0.491999
0.901002
0.464090
0.589081
0.778127
0.270779
0.484821
0.653305
0.521127
0.491063
0.209141
0.817212
0.450224
0.233632
0.700552
0.130610
0.805845
0.510972
0.279269
0.363528
0.458406
0.749452
0.166679
0.554881
0.738859
0.243275
0.254370
0.134774